# Stops          Distance               Cost              Total Dist            Total Cost
1                 20.40                 57.84                 20.40                57.84
2                 12.00                 55.20                 32.40               113.04
4                 40.72                145.50                 73.12               258.54
3                 25.83                 99.25                 98.95               357.79
4                 26.46                115.56                409.31              1579.56
2                 25.01                 82.53                751.57              2808.30
3                 21.75                 90.68               1052.55              3920.36
2                 19.87                 71.73               1306.62              4813.91
5                 33.90                146.19               1596.42              5872.49
2                 19.57                 71.10               1873.75              6874.88
2                 13.53                 58.41               2136.17              7785.96


The Total distance covered: 2238.09
Total money collected: 8135.00
